2;1;544.4570179429138
3;2;727.0303630778642
4;3;636.0777329185182
5;4;730.467382874612
6;5;613.4907533875694
7;6;724.9946457202111
8;7;674.0617619287434
9;8;726.8964030327951
10;9;1136.9037933988893
11;10;827.6222404522329
12;11;951.5477189050386
13;12;577.0933251783232
14;13;816.6290643089948
15;14;998.4316544390177
16;15;476.8696537054576
17;16;518.9875230607629
18;17;698.5162154962518
19;18;671.984860771885
20;19;609.3242278922519
21;20;633.4987819411967
22;21;557.7833392420197
23;22;577.9164691237486
24;23;742.6959585570373
25;24;778.9598508383373
26;25;623.6626183882668
27;26;401.3842252166279
28;27;398.40109639033216
29;28;386.1759020892793
30;29;407.7452533496625
31;30;540.1408073729519
32;31;611.2395357592774
33;32;604.998597346654
34;33;396.520725563831
35;34;471.7550517863281
36;35;474.0719952753766
37;36;499.03463728931933
38;37;680.2585265504846
37;38;680.2585265504846
36;37;499.03463728931933
35;36;474.0719952753766
34;35;471.7550517863281
33;34;396.520725563831
32;33;604.998597346654
31;32;611.2395357592774
30;31;540.1408073729519
29;30;407.7452533496625
28;29;386.1759020892793
27;28;398.40109639033216
26;27;401.3842252166279
25;26;623.6626183882668
24;25;778.9598508383373
23;24;742.6959585570373
22;23;577.9164691237486
21;22;557.7833392420197
20;21;633.4987819411967
19;20;609.3242278922519
18;19;671.984860771885
17;18;698.5162154962518
16;17;518.9875230607629
15;16;476.8696537054576
14;15;998.4316544390177
13;14;816.6290643089948
12;13;577.0933251783232
11;12;951.5477189050386
10;11;827.6222404522329
9;10;1136.9037933988893
8;9;726.8964030327951
7;8;674.0617619287434
6;7;724.9946457202111
5;6;613.4907533875694
4;5;730.467382874612
3;4;636.0777329185182
2;3;727.0303630778642
1;2;544.4570179429138
41;40;632.6884323751094
42;41;623.4841359289004
43;42;497.7096459550056
44;43;737.9650446876342
45;44;726.1243766080402
46;45;655.5735258761343
47;46;919.8479816514568
48;47;932.7266992805768
49;48;879.5284029537561
50;49;579.8558228224905
51;50;727.8459793752704
52;51;882.4854033873899
53;52;665.9595327948483
54;53;373.80243061902735
55;54;512.6027350767108
56;55;613.6145056676226
57;56;838.3967706038804
58;57;796.3111883998869
59;58;1270.6284426264904
60;59;822.5035271047292
61;60;718.5911118905611
62;61;383.6537923023896
18;62;1818.4839730007043
21;18;1901.8858907606846
25;21;2617.2991769074047
30;26;1593.7048188972944
35;30;2599.742123217216
63;35;272.58114195298833
64;63;446.1149123646603
65;64;358.75232525956824
66;65;1704.240171091383
67;66;539.2508317842398
68;67;511.2592617321478
69;68;462.6157788160452
70;69;493.5465448078431
71;70;448.2860041424919
72;71;709.6989538735013
73;72;668.54157471191
74;73;546.2272970226038
75;74;701.0372421929748
76;75;571.8266255872431
77;76;679.3931140345983
78;77;648.0795895854174
79;78;640.9253261250237
80;79;572.4116082232024
81;80;795.5816733550258
80;81;795.5816733550258
79;80;572.4116082232024
78;79;640.9253261250237
77;78;648.0795895854174
76;77;679.3931140345983
75;76;571.8266255872431
74;75;701.0372421929748
73;74;546.2272970226038
72;73;668.54157471191
71;72;709.6989538735013
70;71;448.2860041424919
69;70;493.5465448078431
68;69;462.6157788160452
67;68;511.2592617321478
66;67;539.2508317842398
65;66;1704.240171091383
64;65;358.75232525956824
63;64;446.1149123646603
35;63;272.58114195298833
30;35;2599.742123217216
26;30;1593.7048188972944
21;25;2617.2991769074047
18;21;1901.8858907606846
62;18;1818.4839730007043
61;62;383.6537923023896
60;61;718.5911118905611
59;60;822.5035271047292
58;59;1270.6284426264904
57;58;796.3111883998869
56;57;838.3967706038804
55;56;613.6145056676226
54;55;512.6027350767108
53;54;373.80243061902735
52;53;665.9595327948483
51;52;882.4854033873899
50;51;727.8459793752704
49;50;579.8558228224905
48;49;879.5284029537561
47;48;932.7266992805768
46;47;919.8479816514568
45;46;655.5735258761343
44;45;726.1243766080402
43;44;737.9650446876342
42;43;497.7096459550056
41;42;623.4841359289004
40;41;632.6884323751094
39;40;614.9408407281423
40;39;614.9408407281423
90;91;456.8109586914315
89;90;472.64469734209666
88;89;649.042311092337
87;88;558.598884195247
86;87;634.3940766302998
85;86;642.3220081312603
84;85;987.6345661717493
83;84;779.5290347847
82;83;702.2056278548165
74;82;653.0868217105856
82;74;653.0868217105856
83;82;702.2056278548165
84;83;779.5290347847
85;84;987.6345661717493
86;85;642.3220081312603
87;86;634.3940766302998
88;87;558.598884195247
89;88;649.042311092337
90;89;472.64469734209666
91;90;456.8109586914315
93;92;385.08894750448917
59;93;786.8023040800754
93;59;786.8023040800754
92;93;385.08894750448917
95;94;857.363367708904
96;95;838.7458263517515
97;96;867.4054929455508
98;97;639.6670347910742
99;98;544.2257013659438
100;99;637.0667988045094
101;100;652.1346564930024
102;101;511.4099216733346
103;102;550.6350832832553
104;103;588.9001160615963
105;104;917.8603373085213
106;105;1077.2039219045705
107;106;610.1236343943932
135;107;1202.3473747369078
140;135;3131.3434782456648
143;140;2155.347601254291
145;143;1410.1071758820424
149;145;2198.9217388130746
154;149;2683.446561497624
108;154;543.5134708562124
109;108;370.1827328400188
110;109;356.8049144666595
111;110;2443.238896964089
69;111;936.4714106848742
111;69;936.4714106848742
110;111;2443.238896964089
109;110;356.8049144666595
108;109;370.1827328400188
154;108;543.5134708562124
153;154;719.1981519043443
152;153;466.30982806133994
151;152;453.0314942725433
150;151;550.7083735761157
149;150;522.1920616260794
148;149;642.5997848195785
147;148;407.1662549233316
146;147;382.194424729198
145;146;771.3392952111948
144;145;723.6652658991969
143;144;688.4292262083486
142;143;713.3568998563
141;142;695.9932406403733
140;141;745.9974735223836
139;140;785.4867296430957
138;139;625.8750874551903
137;138;561.6034806792302
136;137;458.4411843542741
135;136;699.9374088604693
107;135;1202.3473747369078
106;107;610.1236343943932
105;106;1077.2039219045705
104;105;917.8603373085213
103;104;588.9001160615963
102;103;550.6350832832553
101;102;511.4099216733346
100;101;652.1346564930024
99;100;637.0667988045094
98;99;544.2257013659438
97;98;639.6670347910742
96;97;867.4054929455508
95;96;838.7458263517515
94;95;857.363367708904
136;135;699.9374088604693
137;136;458.4411843542741
138;137;561.6034806792302
139;138;625.8750874551903
140;139;785.4867296430957
141;140;745.9974735223836
142;141;695.9932406403733
143;142;713.3568998563
144;143;688.4292262083486
145;144;723.6652658991969
146;145;771.3392952111948
147;146;382.194424729198
148;147;407.1662549233316
149;148;642.5997848195785
150;149;522.1920616260794
151;150;550.7083735761157
152;151;453.0314942725433
153;152;466.30982806133994
154;153;719.1981519043443
149;154;2683.446561497624
145;149;2198.9217388130746
143;145;1410.1071758820424
140;143;2155.347601254291
135;140;3131.3434782456648
135;106;1802.5748698795023
74;70;2242.0300793239126
84;74;2133.6648054800353
74;84;2133.6648054800353
70;74;2242.0300793239126
100;104;2302.1486643504586
106;135;1802.5748698795023
57;49;4700.402521596434
107;58;634.0016148655002
58;107;634.0016148655002
49;57;4700.402521596434
116;49;1765.5161393292585
115;116;671.2693035334031
114;115;1394.0764404172426
113;114;1208.952016693974
112;113;1254.4124796379367
113;112;1254.4124796379367
114;113;1208.952016693974
115;114;1394.0764404172426
116;115;671.2693035334031
49;116;1765.5161393292585
118;117;731.4023503737008
119;118;455.0179697800212
120;119;711.3536948262581
121;120;511.18242103987217
122;121;430.8966459876941
123;122;815.2243466258906
124;123;603.2799622669191
125;124;621.0389947831451
126;125;404.30432074139725
127;126;641.6436666655084
128;127;716.5312785146434
129;128;731.7460464951164
130;129;782.5135894971286
131;130;482.2494850083429
132;131;653.9370544655177
133;132;501.1341135494026
134;133;664.6386081886869
135;134;1194.295720461084
134;135;1194.295720461084
133;134;664.6386081886869
132;133;501.1341135494026
131;132;653.9370544655177
130;131;482.2494850083429
129;130;782.5135894971286
128;129;731.7460464951164
127;128;716.5312785146434
126;127;641.6436666655084
125;126;404.30432074139725
124;125;621.0389947831451
123;124;603.2799622669191
122;123;815.2243466258906
121;122;430.8966459876941
120;121;511.18242103987217
119;120;711.3536948262581
118;119;455.0179697800212
117;118;731.4023503737008
128;123;2850.0061766843105
134;128;3213.36082683509
123;128;2850.0061766843105
128;134;3213.36082683509
156;155;1425.4069126851584
157;156;878.7737234033314
158;157;654.2229301446193
159;158;580.6388684783266
160;159;602.5163138487867
161;160;602.5389949308671
162;161;654.6428883604837
163;162;425.95528226318504
164;163;559.7600870709196
165;164;822.448133982885
166;165;508.6000311973328
167;166;475.68106913241525
168;167;594.9022894700427
169;168;1022.5802830135847
170;169;581.7594368522798
171;170;616.733159498213
172;171;395.64758609901685
173;172;2130.365497707918
174;173;565.2093632698148
175;174;516.4224146871788
176;175;1198.5154042542754
175;176;1198.5154042542754
174;175;516.4224146871788
173;174;565.2093632698148
172;173;2130.365497707918
171;172;395.64758609901685
170;171;616.733159498213
169;170;581.7594368522798
168;169;1022.5802830135847
167;168;594.9022894700427
166;167;475.68106913241525
165;166;508.6000311973328
164;165;822.448133982885
163;164;559.7600870709196
162;163;425.95528226318504
161;162;654.6428883604837
160;161;602.5389949308671
159;160;602.5163138487867
158;159;580.6388684783266
157;158;654.2229301446193
156;157;878.7737234033314
155;156;1425.4069126851584
159;156;2103.4774754820614
164;159;2845.412543087017
169;164;3183.222794045231
164;169;3183.222794045231
159;164;2845.412543087017
156;159;2103.4774754820614
178;177;692.3586520831155
177;178;692.3586520831155
180;179;683.1172343710723
181;180;924.6603094525725
182;181;874.829837810467
183;182;500.33793605570605
184;183;741.9900611260268
185;184;524.0236723219093
186;185;626.0691044198367
187;186;677.0155227390276
188;187;818.6813073526502
189;188;851.6173708805446
190;189;703.0984455600883
191;190;569.6941306926619
192;191;573.0953082764847
193;192;565.0912877113627
194;193;733.7810920837096
195;194;563.041184347942
196;195;742.0477249679557
197;196;927.1923284928916
198;197;741.4059624110956
199;198;653.8256359023602
200;199;637.6070406450747
201;200;810.4787043820745
202;201;636.5687888430641
203;202;956.586017427506
204;203;732.4327269726386
205;204;613.767282456515
206;205;798.2404154026867
207;206;441.69171432669935
208;207;1884.3018935593798
209;208;823.3829150128378
210;209;471.81399177082994
211;210;968.6892278225852
212;211;753.5448409272634
213;212;786.4486698440878
214;213;551.5713043385367
215;214;808.8744239112947
216;215;856.385201018342
217;216;840.6279871548585
218;217;747.3818891096156
219;218;559.095709169103
220;219;851.1854281297304
221;220;560.3663606500688
222;221;825.5251714955151
223;222;742.0416136846568
224;223;623.2410010168793
225;224;572.6521219937442
226;225;636.4715228117891
227;226;645.6064982224422
349;227;1587.8109693999766
350;349;919.0119055318504
351;350;5918.250608959221
352;351;2518.055752600463
353;352;727.4620572843314
354;353;1058.1081018165476
355;354;715.888175010064
356;355;775.3551568533695
357;356;665.605198459875
356;357;665.605198459875
355;356;775.3551568533695
354;355;715.888175010064
353;354;1058.1081018165476
352;353;727.4620572843314
351;352;2518.055752600463
350;351;5918.250608959221
349;350;919.0119055318504
348;349;0.0
227;348;1587.8109693999766
226;227;645.6064982224422
225;226;636.4715228117891
224;225;572.6521219937442
223;224;623.2410010168793
222;223;742.0416136846568
221;222;825.5251714955151
220;221;560.3663606500688
219;220;851.1854281297304
218;219;559.095709169103
217;218;747.3818891096156
216;217;840.6279871548585
215;216;856.385201018342
214;215;808.8744239112947
213;214;551.5713043385367
212;213;786.4486698440878
211;212;753.5448409272634
210;211;968.6892278225852
209;210;471.81399177082994
208;209;823.3829150128378
207;208;1884.3018935593798
206;207;441.69171432669935
205;206;798.2404154026867
204;205;613.767282456515
203;204;732.4327269726386
202;203;956.586017427506
201;202;636.5687888430641
200;201;810.4787043820745
199;200;637.6070406450747
198;199;653.8256359023602
197;198;741.4059624110956
196;197;927.1923284928916
195;196;742.0477249679557
194;195;563.041184347942
193;194;733.7810920837096
192;193;565.0912877113627
191;192;573.0953082764847
190;191;569.6941306926619
189;190;703.0984455600883
188;189;851.6173708805446
187;188;818.6813073526502
186;187;677.0155227390276
185;186;626.0691044198367
184;185;524.0236723219093
183;184;741.9900611260268
182;183;500.33793605570605
181;182;874.829837810467
180;181;924.6603094525725
179;180;683.1172343710723
219;223;2819.833934387337
216;219;2146.0718672279663
214;216;1665.2593536994784
210;214;3049.5672989737595
203;205;1341.0075567122185
200;202;1447.047465853558
197;199;1395.2314876989128
189;197;5365.296156563227
187;189;1667.2051618611804
184;187;1814.7648805408091
187;184;1814.7648805408091
189;187;1667.2051618611804
197;189;5365.296156563227
199;197;1395.2314876989128
202;200;1447.047465853558
205;203;1341.0075567122185
214;210;3049.5672989737595
216;214;1665.2593536994784
219;216;2146.0718672279663
223;219;2819.833934387337
228;227;539.4585232470511
229;228;549.113023754266
230;229;566.1173867114627
229;230;566.1173867114627
228;229;549.113023754266
227;228;539.4585232470511
358;351;2270.797054958633
359;358;658.1177486885268
360;359;635.5754154028875
361;360;725.2276775742472
360;361;725.2276775742472
359;360;635.5754154028875
358;359;658.1177486885268
351;358;2270.797054958633
249;248;878.8843134338057
250;249;725.4744545760485
251;250;630.8981007839006
252;251;735.9893256257998
253;252;649.6046870164083
254;253;782.9418567957747
255;254;747.3785619196096
256;255;890.8065509435049
257;256;1085.3015007697234
258;257;780.7788587757211
188;258;818.6813073526502
259;197;604.2907517065166
260;259;467.6275673668393
261;260;564.2080936773409
262;261;570.825932828584
265;262;2207.9443353965307
266;265;862.384849597853
267;266;808.5293602901248
456;267;3232.89860397778
268;456;802.8258690981622
269;268;907.9473972402142
270;269;1916.9451400771075
272;270;1234.3805298331843
275;272;1717.4796738889659
279;275;2967.7560262522115
282;279;2439.9420489605213
283;282;1198.1301508838792
282;283;1198.1301508838792
279;282;2439.9420489605213
275;279;2967.7560262522115
272;275;1717.4796738889659
270;272;1234.3805298331843
269;270;1916.9451400771075
268;269;907.9473972402142
456;268;802.8258690981622
267;456;3232.89860397778
266;267;808.5293602901248
265;266;862.384849597853
262;265;2207.9443353965307
261;262;570.825932828584
260;261;564.2080936773409
259;260;467.6275673668393
197;259;604.2907517065166
258;188;818.6813073526502
257;258;780.7788587757211
256;257;1085.3015007697234
255;256;890.8065509435049
254;255;747.3785619196096
253;254;782.9418567957747
252;253;649.6046870164083
251;252;735.9893256257998
250;251;630.8981007839006
249;250;725.4744545760485
248;249;878.8843134338057
250;252;1364.1030826775093
248;247;717.9013766370492
189;258;1667.2051618611804
457;456;815.5242225903406
458;457;793.7493806673667
459;458;842.1057720061245
460;459;716.6074310102307
461;460;710.6323511028922
462;461;743.7428696139433
235;462;1254.7959842685434
236;235;598.0086962792893
237;236;519.1300938149772
238;237;539.6203515607367
239;238;564.7034873281693
240;239;783.1880245525963
241;240;692.810623984026
242;241;624.0789471167374
243;242;483.2074672913485
244;243;478.9316447886152
245;244;744.5601540619086
246;245;1018.9122423386442
286;246;1287.6129375436926
246;286;1287.6129375436926
245;246;1018.9122423386442
244;245;744.5601540619086
243;244;478.9316447886152
242;243;483.2074672913485
241;242;624.0789471167374
240;241;692.810623984026
239;240;783.1880245525963
238;239;564.7034873281693
237;238;539.6203515607367
236;237;519.1300938149772
235;236;598.0086962792893
462;235;1254.7959842685434
461;462;743.7428696139433
460;461;710.6323511028922
459;460;716.6074310102307
458;459;842.1057720061245
457;458;793.7493806673667
456;457;815.5242225903406
258;189;1667.2051618611804
247;248;717.9013766370492
252;250;1364.1030826775093
258;252;4344.949015118186
457;267;4048.4226697606696
462;457;3796.286309975735
457;462;3796.286309975735
267;457;4048.4226697606696
252;258;4344.949015118186
321;320;607.0691939628206
322;321;784.2941233763273
292;322;799.2345132256899
293;292;1056.2960086741634
294;293;685.8966758181058
323;294;712.3668352036418
324;323;875.1880726070982
325;324;834.909853306276
326;325;737.6957376572616
327;326;801.6189239096985
328;327;727.2566572569523
329;328;913.056696903488
330;329;687.2992768350703
331;330;729.8437598626203
332;331;725.3293809827483
333;332;627.0619890388103
334;333;865.0934604143241
335;334;790.1448563528601
295;335;748.2530006048144
296;295;2221.7597049991923
297;296;595.4199615836745
259;297;617.6833831887515
198;259;368.883111066895
287;205;993.5264009597915
205;287;993.5264009597915
259;198;368.883111066895
297;259;617.6833831887515
296;297;595.4199615836745
295;296;2221.7597049991923
335;295;748.2530006048144
334;335;790.1448563528601
333;334;865.0934604143241
332;333;627.0619890388103
331;332;725.3293809827483
330;331;729.8437598626203
329;330;687.2992768350703
328;329;913.056696903488
327;328;727.2566572569523
326;327;801.6189239096985
325;326;737.6957376572616
324;325;834.909853306276
323;324;875.1880726070982
294;323;712.3668352036418
293;294;685.8966758181058
292;293;1056.2960086741634
322;292;799.2345132256899
321;322;784.2941233763273
320;321;607.0691939628206
329;323;4822.7760030168865
335;329;3875.7063655590036
329;335;3875.7063655590036
323;329;4822.7760030168865
293;322;1779.2974241883069
323;293;1395.3027949991733
293;323;1395.3027949991733
322;293;1779.2974241883069
290;293;2455.3394305491056
288;290;1738.7613927167022
290;288;1738.7613927167022
293;290;2455.3394305491056
289;288;859.6612302707589
290;289;880.8688268262978
291;290;664.7749214583455
292;291;928.7630777960903
231;329;4418.707272147703
232;231;1035.792543427265
233;232;1242.446903400333
234;233;957.5845839424685
260;234;674.7056680435112
263;262;869.4349647644677
264;263;590.6111192583113
265;264;747.8987529046664
298;266;568.52573638313
299;298;554.4682710327274
300;299;571.398585404024
301;300;1399.7413054352255
209;301;1008.5462924191722
302;209;749.8624318297516
303;302;739.3037711227751
304;303;751.5006183532344
305;304;637.9248451583103
306;305;914.5495623147337
307;306;660.2790225516422
308;307;1110.7561796979394
309;308;818.6701957048335
310;309;890.0042389701588
311;310;714.8650010033571
312;311;498.04662312888604
313;312;511.48296848984967
314;313;632.3621287159818
315;314;696.0664724675431
316;315;639.2534829903412
317;316;799.9206627797686
318;317;720.3858486727884
319;318;957.6680438978694
285;319;555.1765781653232
286;285;469.7283986382062
285;286;469.7283986382062
319;285;555.1765781653232
318;319;957.6680438978694
317;318;720.3858486727884
316;317;799.9206627797686
315;316;639.2534829903412
314;315;696.0664724675431
313;314;632.3621287159818
312;313;511.48296848984967
311;312;498.04662312888604
310;311;714.8650010033571
309;310;890.0042389701588
308;309;818.6701957048335
307;308;1110.7561796979394
306;307;660.2790225516422
305;306;914.5495623147337
304;305;637.9248451583103
303;304;751.5006183532344
302;303;739.3037711227751
209;302;749.8624318297516
301;209;1008.5462924191722
300;301;1399.7413054352255
299;300;571.398585404024
298;299;554.4682710327274
266;298;568.52573638313
264;265;747.8987529046664
263;264;590.6111192583113
262;263;869.4349647644677
234;260;674.7056680435112
233;234;957.5845839424685
232;233;1242.446903400333
231;232;1035.792543427265
329;231;4418.707272147703
291;292;928.7630777960903
290;291;664.7749214583455
289;290;880.8688268262978
288;289;859.6612302707589
471;470;665.0931405454246
472;471;511.10453075594336
270;472;1003.0810836757589
472;270;1003.0810836757589
471;472;511.10453075594336
470;471;665.0931405454246
210;302;558.4429024456492
347;210;825.6972532036652
346;347;727.7616907123045
345;346;577.3496225536949
344;345;558.4198068897746
343;344;666.5339607524685
342;343;653.6496839976228
341;342;635.5096213096614
340;341;750.8578563476714
339;340;1316.9351293445945
338;339;793.2828835365071
337;338;1468.6062801920154
336;337;568.3074106529215
337;336;568.3074106529215
338;337;1468.6062801920154
339;338;793.2828835365071
340;339;1316.9351293445945
341;340;750.8578563476714
342;341;635.5096213096614
343;342;653.6496839976228
344;343;666.5339607524685
345;344;558.4198068897746
346;345;577.3496225536949
347;346;727.7616907123045
210;347;825.6972532036652
302;210;558.4429024456492
362;321;1713.3991107860177
363;362;759.9282993153384
364;363;717.7801704287019
365;364;627.737039434422
366;365;728.9683148970829
367;366;613.6172306908717
368;367;481.4367848162003
369;368;757.424487600051
370;369;563.4326125721975
371;370;420.62717133633214
372;371;631.7127931898564
373;372;598.5401832044407
374;373;567.1675986061673
375;374;627.4851436405722
376;375;643.6597223640523
377;376;602.7206197865421
378;377;689.0412331104474
410;378;719.3932577419905
411;410;572.5485116848845
412;411;664.4381435118548
413;412;607.5479102015512
414;413;400.47193088205995
415;414;2735.5610680948175
416;415;588.042236031547
417;416;559.3980105664781
418;417;614.9655759847954
419;418;475.3498572913891
420;419;523.0812408984856
419;420;523.0812408984856
418;419;475.3498572913891
417;418;614.9655759847954
416;417;559.3980105664781
415;416;588.042236031547
414;415;2735.5610680948175
413;414;400.47193088205995
412;413;607.5479102015512
411;412;664.4381435118548
410;411;572.5485116848845
378;410;719.3932577419905
377;378;689.0412331104474
376;377;602.7206197865421
375;376;643.6597223640523
374;375;627.4851436405722
373;374;567.1675986061673
372;373;598.5401832044407
371;372;631.7127931898564
370;371;420.62717133633214
369;370;563.4326125721975
368;369;757.424487600051
367;368;481.4367848162003
366;367;613.6172306908717
365;366;728.9683148970829
364;365;627.737039434422
363;364;717.7801704287019
362;363;759.9282993153384
321;362;1713.3991107860177
364;362;1475.3836483369826
367;365;1342.5224526806712
369;367;1063.6055195283047
372;370;1052.0004166289636
377;375;1246.3801785926662
410;377;1408.433820670187
414;410;2237.936843795037
410;414;2237.936843795037
363;321;2416.3571023817253
365;363;1343.014133920762
368;366;1093.0358598514708
371;369;983.8926566043481
373;371;1226.6821331343883
376;374;1271.1446656175194
378;376;1291.760468291127
376;378;1291.760468291127
374;376;1271.1446656175194
371;373;1226.6821331343883
369;371;983.8926566043481
366;368;1093.0358598514708
363;365;1343.014133920762
321;363;2416.3571023817253
377;410;1408.433820670187
375;377;1246.3801785926662
370;372;1052.0004166289636
367;369;1063.6055195283047
365;367;1342.5224526806712
362;364;1475.3836483369826
400;401;907.6015755501244
399;400;600.6042696116467
398;399;604.2742458833511
397;398;671.4244901319305
396;397;390.59158907893516
395;396;473.1454818655331
394;395;667.6918664755099
393;394;760.3576581101348
392;393;786.9828049278298
391;392;727.9449918397299
390;391;489.6726949588268
389;390;864.1330146343109
388;389;591.9249172788011
387;388;470.67551127293706
386;387;409.15717321418305
385;386;527.3686518732256
384;385;662.5801960754011
383;384;2579.846524429354
382;383;433.3996170612458
381;382;444.1625663022427
380;381;583.5241559408958
379;380;558.4479273839186
380;379;558.4479273839186
381;380;583.5241559408958
382;381;444.1625663022427
383;382;433.3996170612458
384;383;2579.846524429354
385;384;662.5801960754011
386;385;527.3686518732256
387;386;409.15717321418305
388;387;470.67551127293706
389;388;591.9249172788011
390;389;864.1330146343109
391;390;489.6726949588268
392;391;727.9449918397299
393;392;786.9828049278298
394;393;760.3576581101348
395;394;667.6918664755099
396;395;473.1454818655331
397;396;390.59158907893516
398;397;671.4244901319305
399;398;604.2742458833511
400;399;600.6042696116467
401;400;907.6015755501244
402;401;479.27883712366827
401;402;479.27883712366827
260;297;540.7089872245188
415;266;1071.7264937340012
409;410;700.0903984664687
408;409;654.1361390676151
407;408;623.4414871399616
406;407;539.0720130188838
405;406;434.30229552457524
404;405;637.7916463745287
403;404;784.5129077332806
404;403;784.5129077332806
405;404;637.7916463745287
406;405;434.30229552457524
407;406;539.0720130188838
408;407;623.4414871399616
409;408;654.1361390676151
410;409;700.0903984664687
266;415;1071.7264937340012
297;260;540.7089872245188
432;431;722.1869355069764
433;432;493.36625839797944
434;433;647.4541512006546
435;434;654.5430743235559
436;435;511.7962276571114
437;436;677.4302980812341
438;437;2645.196731867001
439;438;565.8506020401373
440;439;615.9399172972606
441;440;605.3520673238035
442;441;621.75834559399
443;442;576.5207115821285
444;443;457.17848619047754
445;444;469.2537588191446
446;445;627.5532353493705
447;446;625.9148014546512
448;447;792.2800295623719
449;448;634.7656251393466
450;449;821.2783565906973
451;450;448.40500242482426
452;451;430.1227234908059
453;452;460.50388996933026
454;453;2048.870649773905
455;454;536.2740617516077
456;455;387.37360073264415
463;462;879.0746860659671
464;463;548.3298818879068
465;464;524.6535699682858
421;465;872.220207563473
422;421;675.2934108508473
423;422;1051.7173785584582
424;423;682.8970430860171
425;424;581.6301426514333
426;425;677.5036319887921
427;426;886.5788207254478
428;427;724.5176508092823
429;428;533.9189130324746
286;429;1719.9685784219691
429;286;1719.9685784219691
428;429;533.9189130324746
427;428;724.5176508092823
426;427;886.5788207254478
425;426;677.5036319887921
424;425;581.6301426514333
423;424;682.8970430860171
422;423;1051.7173785584582
421;422;675.2934108508473
465;421;872.220207563473
464;465;524.6535699682858
463;464;548.3298818879068
462;463;879.0746860659671
455;456;387.37360073264415
454;455;536.2740617516077
453;454;2048.870649773905
452;453;460.50388996933026
451;452;430.1227234908059
450;451;448.40500242482426
449;450;821.2783565906973
448;449;634.7656251393466
447;448;792.2800295623719
446;447;625.9148014546512
445;446;627.5532353493705
444;445;469.2537588191446
443;444;457.17848619047754
442;443;576.5207115821285
441;442;621.75834559399
440;441;605.3520673238035
439;440;615.9399172972606
438;439;565.8506020401373
437;438;2645.196731867001
436;437;677.4302980812341
435;436;511.7962276571114
434;435;654.5430743235559
433;434;647.4541512006546
432;433;493.36625839797944
431;432;722.1869355069764
462;465;1952.0578372184227
430;457;4270.042002967509
448;430;700.8290782153857
430;448;700.8290782153857
457;430;4270.042002967509
465;462;1952.0578372184227
446;430;2101.916153839148
443;446;1553.6718021315778
440;442;1223.9569537681791
430;456;3462.3278456165363
456;430;3462.3278456165363
271;270;705.8229494003697
272;271;544.4911406409699
273;272;733.4704103398063
274;273;348.854144599519
275;274;656.504648123381
276;275;653.560700420823
277;276;475.72644174337483
278;277;833.6424468448711
279;278;1004.8493236111498
280;279;1052.9807550899432
281;280;455.42397429937904
282;281;932.3552865278303
284;283;619.1038655396103
285;284;628.5289618041631
284;285;628.5289618041631
283;284;619.1038655396103
281;282;932.3552865278303
280;281;455.42397429937904
279;280;1052.9807550899432
278;279;1004.8493236111498
277;278;833.6424468448711
276;277;475.72644174337483
275;276;653.560700420823
274;275;656.504648123381
273;274;348.854144599519
272;273;733.4704103398063
271;272;544.4911406409699
270;271;705.8229494003697
446;443;1553.6718021315778
430;446;2101.916153839148
442;440;1223.9569537681791
466;465;848.9475516114358
467;466;608.2367501254696
468;467;821.4702957065131
469;468;706.0841839993599
468;469;706.0841839993599
467;468;821.4702957065131
466;467;608.2367501254696
465;466;848.9475516114358
335;438;2950.909686037788
438;335;2950.909686037788
10;184;0.0
23;197;0.0
25;175;0.0
25;178;0.0
25;199;0.0
25;442;0.0
30;264;0.0
30;380;0.0
38;453;0.0
58;106;0.0
63;206;0.0
63;287;0.0
64;108;0.0
64;207;0.0
64;419;0.0
67;111;0.0
67;454;0.0
70;268;0.0
70;457;0.0
74;472;0.0
88;399;0.0
105;256;0.0
106;58;0.0
108;64;0.0
108;207;0.0
108;419;0.0
111;67;0.0
111;454;0.0
143;233;0.0
143;438;0.0
144;296;0.0
145;173;0.0
145;177;0.0
149;381;0.0
149;446;0.0
151;266;0.0
153;417;0.0
153;430;0.0
153;449;0.0
154;418;0.0
162;329;0.0
169;437;0.0
170;295;0.0
170;336;0.0
173;145;0.0
173;177;0.0
174;261;0.0
175;25;0.0
175;178;0.0
175;199;0.0
175;442;0.0
177;145;0.0
177;173;0.0
178;25;0.0
178;175;0.0
178;199;0.0
178;442;0.0
184;10;0.0
187;258;0.0
197;23;0.0
199;25;0.0
199;175;0.0
199;178;0.0
199;442;0.0
202;379;0.0
203;265;0.0
206;63;0.0
206;287;0.0
207;64;0.0
207;108;0.0
207;419;0.0
209;455;0.0
213;470;0.0
219;374;0.0
219;396;0.0
233;143;0.0
233;438;0.0
239;423;0.0
256;105;0.0
258;187;0.0
261;174;0.0
262;443;0.0
264;30;0.0
264;380;0.0
265;203;0.0
266;151;0.0
268;70;0.0
268;457;0.0
287;63;0.0
287;206;0.0
295;170;0.0
295;336;0.0
296;144;0.0
299;415;0.0
305;459;0.0
329;162;0.0
336;170;0.0
336;295;0.0
340;385;0.0
374;219;0.0
374;396;0.0
379;202;0.0
380;30;0.0
380;264;0.0
381;149;0.0
381;446;0.0
385;340;0.0
392;407;0.0
396;219;0.0
396;374;0.0
399;88;0.0
407;392;0.0
415;299;0.0
417;153;0.0
417;430;0.0
417;449;0.0
418;154;0.0
419;64;0.0
419;108;0.0
419;207;0.0
423;239;0.0
430;153;0.0
430;417;0.0
430;449;0.0
437;169;0.0
438;143;0.0
438;233;0.0
442;25;0.0
442;175;0.0
442;178;0.0
442;199;0.0
443;262;0.0
446;149;0.0
446;381;0.0
449;153;0.0
449;417;0.0
449;430;0.0
453;38;0.0
454;67;0.0
454;111;0.0
455;209;0.0
457;70;0.0
457;268;0.0
459;305;0.0
470;213;0.0
472;74;0.0
